image: map.pgm
resolution: 0.050000
origin: [-52.749397, -43.355667, 0.000000]
negate: 0
occupied_thresh: 0.65
free_thresh: 0.196

