map_in_world_pitch: 0.4180278866979473
map_in_world_roll: 0.08930247412838939
map_in_world_x: -0.8378756361909012
map_in_world_y: -0.0005323128382232589
map_in_world_yaw: -0.2781470813212937
map_in_world_z: -0.07681482816664846
