map_in_world_pitch: 0.5523582077246071
map_in_world_roll: 0.6713813651061207
map_in_world_x: 525792.1223903553
map_in_world_y: 4316547.543132742
map_in_world_yaw: 79.35192219925489
map_in_world_z: -3.38117414009824
