init1:((24.361, 12.327, 0.5682), (0.0261, -0.0068, -0.9996, 0.0003))
init2:((24.9794, 0.9729, 0.0), (0.0, 0.0, 1.0, 0.0063))
init3:((26.769752667719768, 8.287610098620878, 0.0), (0.0, 0.0, 0.8191081533777711, 0.5736391139645708))
init4:((29.862200449325503, 10.330304325556623, 0.0), (0.0, 0.0, -0.7073191361941644, -0.7068943623863053))
init5:((29.36099909783606, 12.330003604264588, 0.0), (0.0, 0.0, -0.999999954891802, 0.00030036044000757243))
