image: map.pgm
resolution: 0.100000
origin: [-30.410126, -9.158316, 0.000000]
negate: 0
occupied_thresh: 0.65
free_thresh: 0.196

