map_in_world_pitch: -0.40506721343750374
map_in_world_roll: 0.0011346032532648796
map_in_world_x: 0.055424491718193816
map_in_world_y: 0.013427954597001222
map_in_world_yaw: 0.17930328510814805
map_in_world_z: -2.50874326170051
