image: 1.pgm
resolution: 0.100000
origin: [-71.308472, -126.841614, 0.000000]
negate: 0
occupied_thresh: 0.65
free_thresh: 0.196

