image: vehicle_test.pgm
resolution: 0.100000
origin: [-89.036545, -80.729874, 0.000000]
negate: 0
occupied_thresh: 0.65
free_thresh: 0.196

